,Trial 1,Trial 2,Trial 3,Trial 4,Trial 5
0,1.2625911072334453,0.13343403267824197,0.48715900489242475,0.39641371017438326,0.06914450584661509
1,1.609758224506461,0.1575714927901563,0.1792943781171538,0.06518528300120854,0.44438047050836327
2,1.4189732335644072,0.6307872111545849,0.3577747304899122,0.07055662720385823,0.297394279935276
3,2.0443835261929673,0.5689259240955805,0.5659280928318484,0.10672561599025353,0.0929693976360419
4,2.158451981616815,0.2966878124366121,0.11222341438668516,0.11922810556316947,0.341446883559685
5,1.5032718928043203,1.2959722118865191,0.33394560744523766,0.18559617414699564,0.29219481188817875
6,1.793387301696656,0.2243586885268861,0.6937699055492917,0.46058299672412045,0.029377420224212785
7,1.0731563863585547,0.1028868154174347,0.19687180899266543,0.041044514057519646,0.4887868936245723
8,1.1676120188454207,0.41046543487443593,0.1104635484422312,0.06183078365538469,0.24513352451097098
9,0.9052648070938576,0.582209009962192,0.13820448545035466,0.04758789188733024,0.05665609048863942
10,0.659199463619783,0.8175543872078864,0.07446997223657108,0.14219347438374616,0.5534036847893395
11,1.438959771166365,1.6149496316742595,0.3911358267051603,0.16470414888711196,0.015288551125008905
12,1.3619978020994958,0.36078448010790004,0.2667872514321254,0.37817764561259204,0.07144082256144817
13,1.7594631810870953,0.18675480500255423,0.0683005759054731,0.14134967171467774,0.5069733538173227
14,1.4833050129116512,0.8225423778790928,0.039403384860494835,0.07427996795777615,0.607763443601836
15,1.1731824354307032,1.0249292025813284,0.44598005825657017,0.1495259358411731,0.08658084076547325
16,1.462567566424841,0.4892088987647178,0.36353323750039407,0.2486551243546163,0.3410610414448176
17,2.130779729660323,0.1268229241079027,0.2126080480239413,0.17161918478989246,0.2117440546160818
18,2.188876095828838,0.37110764388813466,0.2568005627609448,0.6374025492934945,0.2611024270247289
19,2.4880247202053623,0.24753697667165692,0.11807636224475443,0.13142521614495953,0.26539367473899805
20,,0.4396018209602533,0.2363266754377859,0.07373198898260919,0.009681032581984203
21,,0.20422041964270707,0.32105311375412,0.05987748820367566,0.06430289420691389
22,,0.20757538978269863,0.3349322956416254,0.17033761449436255,0.21959085534644854
23,,0.12781766749745488,0.6961209321148405,0.09463189113344195,0.032134255761851215
24,,1.1415044561102434,0.20456779938939024,0.2591957791873358,0.04285827379992684
25,,0.8814239825322717,0.15702947364340505,0.16238691594275695,0.032573662949024494
26,,0.759159262516941,0.29982245891615467,0.17503227326356796,0.27019833162078116
27,,0.23660996988416627,0.3481149948913991,0.07309573133931765,0.1643975194929576
28,,0.29847600078629394,0.36342508436040544,0.23537472797685424,0.15623724862434457
29,,0.6739060789998369,0.2852867474060174,0.7016522610928102,0.028243416905728937
30,,0.3729220758121279,0.39739515426856387,0.1846532782728779,0.37425083962739175
31,,0.7304986971396675,0.13911352227056462,0.11104259231998079,0.40144313362754236
32,,0.773058561304983,0.28504878350643686,0.11898512628632023,0.3820754786062794
33,,0.532753629779956,0.0591738023946385,0.29375599765581245,0.09513174743726104
34,,0.6011767785795128,0.13626955074578428,0.2844574628061571,0.322744579653188
35,,0.5945189203464133,0.06884874337684718,0.3264117984778224,0.34462575718521565
36,,0.28677363973520015,0.48606926132132267,0.7190068899399191,0.1958187589591547
37,,0.1993578445972387,0.18494207492729206,0.16561768582643893,0.27317011289647164
38,,0.6939679780252395,0.31845506409589036,0.07775868231595169,0.011650516492331585
39,,0.25957878688545294,0.2619796420808358,0.021187594612910466,0.07876789539477462
40,,0.9315918057843654,0.3913791946153531,0.20521491469570918,0.24773465008211032
41,,0.6264477537606935,0.41190714522845145,0.0909215512515815,0.04125303788388456
42,,0.34363615651305757,0.3620503692170591,0.39322624207585677,0.21627784863872684
43,,0.3429788587099936,0.22611457952424605,0.03720103749594456,0.293068343058224
44,,0.35016771800753116,0.1652191104208374,0.13106617329618042,0.1837222792798088
45,,0.3222287567945515,0.022297642853914716,0.27114057060305025,0.0790706812903957
46,,0.1864223728583475,0.12542454229608793,0.1802992491479876,0.36665797025983354
47,,0.6460277159104718,0.08888810677953428,0.4046952911996329,0.3891866539629059
48,,0.2283658648537023,0.21042377674155072,0.2981647152719988,0.05389088286811395
49,,0.06357671610818681,0.18798396500417386,0.2760746342199418,0.45869100161099474
50,,0.5797161836222805,0.33403927506636205,0.20309481659033796,0.10123529125535445
51,,0.34225482125067247,0.17915032187395596,0.1865641845585087,0.12801425294195135
52,,0.3053572862496289,0.06334976045926986,0.22782238936713112,0.3275592193770703
53,,1.0330499997797993,0.10214439945610289,0.15980985164033829,0.2696051300174379
54,,0.4246916310890915,0.92740054213576,0.02960244008911349,0.20297144829668656
55,,0.4958919095508797,0.22435736070967188,0.08939099359430931,0.40290303131962946
56,,0.7852107783612657,0.41502397111500916,0.08594329178180164,0.35180339815618433
57,,0.3857717945837262,0.09399248051948135,0.08475769354006926,0.08432897863770299
58,,0.23702721747593625,0.1968794276860132,0.37777585734612484,0.3130908387995036
59,,1.0822142297577575,0.31426507401671067,0.2949810873668627,0.2941888325297051
60,,0.03464607283171001,,0.3888040429285919,0.059358929400008746
61,,0.10326968728199466,,0.04146187772311005,0.4539576306889262
62,,0.7139486839029527,,0.05236615136342666,0.2033905685173294
63,,0.42119639758803024,,0.09023651217165157,0.07046315928129068
64,,0.22825384555559788,,0.036623111158103384,0.1265174282530996
65,,0.7678744721665388,,0.12558637457984992,0.010322837222028288
66,,0.311939367972544,,0.0547999643873363,0.3041740232721723
67,,0.2543554447038946,,0.03227785968976543,0.20187629420761408
68,,0.08819772711314793,,0.13256018504472172,0.2619571213310758
69,,0.12625664638696102,,0.07966557288964317,0.027930166472048715
70,,0.06974584321264643,,0.07340310464677588,0.09798250696002417
71,,0.06840430772958815,,0.08773480849669614,0.05489699633710404
72,,0.2645763845598643,,0.40734815664850327,0.08901518465193507
73,,0.15217019461407558,,0.12017123038680788,0.4723941211930852
74,,0.784363604818088,,0.03780617572882319,0.18685914973316065
75,,0.3809129672991623,,0.08127440839071866,0.09035516812329841
76,,0.4001681704775112,,0.3089648347053667,0.27598213086652407
77,,1.3192779026314714,,0.2009053535925118,0.26377161058908516
78,,0.7196884491884624,,0.19702285320236623,0.15884762033441285
79,,0.5911953152021653,,0.3454352726745394,0.11655814388232928
80,,0.6390201328611096,,0.23572949877163318,0.23554991970730707
81,,0.21174645077939003,,0.13383251426657974,0.6340802399262843
82,,0.6994520786383581,,0.26023715289374577,0.24494867402163187
83,,1.5645385816120316,,0.16423975347197894,0.27256096066366353
84,,0.3282939117790173,,0.34205333716509256,0.34811048015933205
85,,0.43501240932832347,,0.21996587695384123,0.3386907711262111
86,,0.8950164676993275,,0.052204398030407426,0.38169991989411906
87,,0.24892049301365368,,0.2005289624437277,0.04915272671501176
88,,0.17058490785883484,,0.24728795202476575,0.21437959684017413
89,,0.10826622532950292,,0.06652395822818107,0.25782009091887786
90,,0.4980077954554007,,0.47337124460686236,0.0912613007253759
91,,0.5826425136901715,,0.08531266433160789,0.14653172506902076
92,,0.17384813635160076,,0.05727413033136301,0.22256760954039093
93,,0.08163187124220345,,0.09019721728780972,0.26258255373207356
94,,0.21575306456175197,,0.08959124158092927,0.09387785011526344
95,,0.33334014652804633,,0.32839646863525507,0.2837736310969368
96,,0.3734329878642349,,0.27142526136922596,0.058566370853137074
97,,0.17657099233296897,,0.07073246984693095,0.4935885248608522
98,,0.634950612664576,,0.08932079396661173,0.38382384134790865
99,,0.5173131404172834,,0.13258302170719632,0.09761195192225015
100,,0.297037320466543,,0.3074488981090877,0.35159238456648606
101,,0.9963320507314463,,0.18280092073271428,0.336310669247121
102,,2.13007931672498,,0.40429128835604633,0.03763031983912274
103,,0.06219737890291403,,0.13305094887551794,0.1620554334585861
104,,0.4472344774580187,,0.09301237044290184,0.07212572697895726
105,,0.29469568028921156,,0.04468095777593162,0.0828691921851388
106,,0.6506445827219712,,0.6738945987239554,0.08914208100197123
107,,0.143244689863379,,0.06612351014738058,0.09880017541236791
108,,0.2517994771585198,,0.5420820019707884,0.04945411644786497
109,,0.5367299598818076,,0.419980309442336,0.19931004466560243
110,,0.4013794933671118,,0.08941471278897448,0.421783030028984
111,,1.1099196231146122,,0.3084257859543597,0.3258274790348527
112,,0.7833370173681522,,0.20163238382068782,0.23143753683613608
113,,0.9562137597951831,,0.3221238427246458,0.09483206185598643
114,,0.148715690527674,,0.25709337924824843,0.36833211160702795
115,,0.40514389661039546,,0.1399474329482907,0.05367544643909208
116,,0.2785041597382429,,0.17231593540754872,0.023006902058608034
117,,0.1055726897400119,,0.072537908084513,0.06390802628532269
118,,0.6853274609254745,,0.09919144100657552,0.1356173296629737
119,,0.08706354710402409,,0.4628922765267711,0.05710037604946161
