,Trial 1,Trial 2,Trial 3,Trial 4,Trial 5
0,1.2625911072334453,0.5138964475069492,0.34140937116649694,0.15728425267997811,0.25625505822902667
1,1.609758224506461,0.6254039946105158,0.3373657048879237,0.15299063493253554,0.23144102746045728
2,1.4189732335644072,0.501840448073916,0.33370175432806276,0.19393458837845465,0.30426059280116324
3,2.0443835261929673,0.2663099864071509,0.20127009479736202,0.19456779137542388,0.14203418994348746
4,2.158451981616815,0.6651799584716256,0.12483040406603112,0.26778961480044045,0.11575140889879393
5,1.5032718928043203,0.60082144382711,0.3407071145936351,0.2198843759698285,0.32004525602281303
6,1.793387301696656,0.49961963479803173,0.2037345334811617,0.21328455310708513,0.14139916195145458
7,1.0731563863585547,0.36524359646565885,0.45070211383686193,0.23627142730310877,0.25466396274831576
8,1.1676120188454207,0.42538681197737843,0.22047324398298332,0.2252550986080428,0.22316596301182043
9,0.9052648070938576,0.5684679268031094,0.33227560888594065,0.16040856061971354,0.2748810879565687
10,0.659199463619783,0.37819819322113735,0.2738524866818551,0.12251301165412225,0.15400175889378048
11,1.438959771166365,0.15314988951979702,0.08809736550575664,0.07674024919248977,0.15813618476333988
12,1.3619978020994958,0.5502448707333621,0.32982213344816835,0.19274502657545525,0.22972956085951476
13,1.7594631810870953,0.7376068347135861,0.3550886606415468,0.2227495075468072,0.27709092642260486
14,1.4833050129116512,0.36434906916811,0.25112801972071414,0.1880940808076693,0.26497559760895434
15,1.1731824354307032,0.31420392130486247,0.07887009730984564,0.1873571611289712,0.18343244504651024
16,1.462567566424841,0.49927285074617545,0.24414900560402888,0.1757185609552945,0.2869156237996259
17,2.130779729660323,0.6213493543267458,0.11488149392977624,0.2358422790536223,0.09043715481269067
18,2.188876095828838,0.6732298884475645,0.5222606246534803,0.31394317278363204,0.22044071147823777
19,2.4880247202053623,0.2850545741076371,0.20171232740740175,0.2006630622036579,0.11694003201708102
