,Trial 1,Trial 2,Trial 3,Trial 4,Trial 5
0,1.1691101281136858,0.42468723068656516,0.18111829487736208,0.10230306441891492,0.1422518985529144
1,1.4369778809166103,0.511719848485977,0.23611529374827903,0.07467959276835472,0.1620516600126619
2,1.4144785338531147,0.26853350412396343,0.14567681219962247,0.11056794176248003,0.14818839089293215
3,2.029221877231194,0.20661384248907352,0.16027428237275687,0.04671762528676581,0.056134743331317016
4,2.1562434366516965,0.43721232895778833,0.03908029725680749,0.18063776570680243,0.009743317006703375
5,1.381522601138805,0.45154694834230535,0.2501728621423811,0.10279374255093414,0.08182857224031985
6,1.699833659236013,0.39458608904955333,0.17284208889698413,0.14021822638662512,0.03930587224373261
7,1.0711165181124838,0.24958955389762125,0.4130380639325657,0.12202908203861114,0.04296821489118711
8,1.0174406145702042,0.21498090656794974,0.14757896847197974,0.08819351414902789,0.020943021652407745
9,0.904803818556481,0.47157427204509567,0.2718915561828236,0.09391971151217215,0.07929177063929475
10,0.6583922297665422,0.2888234394725068,0.181763799844988,0.06614210185085927,0.10912164214881438
11,1.3763065488833635,0.0787206083665337,0.00602097818072099,0.011070551406624426,0.10731298846908005
12,1.3616119129134063,0.46444290679719824,0.17517224827196062,0.10384078965400052,0.11343227685796038
13,1.7341100394077704,0.29920337985831164,0.10754533646179303,0.044660516216810144,0.03568760626613892
14,1.4449250018325588,0.2331495792754824,0.1969269692927126,0.05238162311806064,0.08074582066825328
15,0.9919581858070534,0.2414354296592227,0.007332957199616695,0.08508807628786602,0.025593978550830076
16,1.4608025213971056,0.3980804724773066,0.21520012342778863,0.10236382842674178,0.1265600367490278
17,2.1231586438012306,0.4475669558443391,-0.014073762154684297,0.10726183312458203,0.04633506896585776
18,2.0934082026803202,0.37176325017203077,0.30948698640708266,0.07050827188368149,0.07753139780326716
19,2.4733610357216715,0.19820177766062308,0.024683432583254547,0.029760546031691926,0.035210353887323194
