,Trial 1,Trial 2,Trial 3,Trial 4,Trial 5
0,3.6447887830831576,0.657803798140551,0.19258811008783439,0.47158858670894443,0.7094507710828508
1,3.5308437563898063,0.3605856870306996,0.2684805449408398,0.5886420518846848,0.5407633130458661
2,3.97195340533642,0.27522485644696887,0.20824538848463522,0.5695244903642892,0.678786116279085
3,3.882042033919069,0.235123948995795,0.3809934187012478,0.3367366298878523,0.13525616562154827
4,3.018110833132016,0.26504851808929547,0.3582877283240098,0.3881801820648398,0.7421241534901083
5,3.581148979030348,0.5696104017945343,0.5161429298678262,0.7192535775510317,0.4499613937670616
6,3.8408329734406044,0.7638066732061977,1.2689437602184324,0.6041383168978144,0.28989501209467183
7,3.762678941900428,0.6104829872211002,0.07059426143780666,0.11895095541157918,0.4589318804733374
8,3.3385834918253985,0.7943614719051516,0.6949497944826417,1.1121481208910333,0.6938520919498555
9,3.717517735465271,0.7075278721802355,0.3163010491486003,0.8890384878512312,0.7319163406397085
10,4.119746826582928,0.7775618481959228,0.9028261376250412,0.5716035557944414,0.720869208394947
11,3.9381869973089665,0.7337743255660997,0.2120627243714207,0.25476563021308374,0.711852483996179
12,4.367727362167212,0.6363482143132465,0.2288823725294259,0.38110459829625837,0.48715729530747215
13,3.8529589528456083,0.3662347722964734,0.19662317030620033,0.16639009469725577,0.6232095087204081
14,3.834409021357616,0.17089631762972213,0.02345231479674721,0.05846841992698306,0.12527811548223564
15,4.406210902384652,0.88365345197448,0.133614735538332,0.20885334794253138,0.2529360937756053
16,3.6475509717592938,0.34664837713244245,1.0268574835225885,0.44412069203307003,0.8297282257078731
17,3.793003956141643,0.6797677016130796,0.352391489731346,0.5426243978499873,0.4358906511832023
18,3.343148795990467,0.7704326068090618,0.6982547700906138,0.6090021832417193,0.4838716156251118
19,3.9713619074385966,0.23986578626793387,0.26497628252802663,0.05673592254983343,0.3646598227672861
