,Trial 1,Trial 2,Trial 3,Trial 4,Trial 5
0,3.6294761379607317,0.44473698539739165,0.16183138284172682,0.28321550252138955,0.19488217447009845
1,3.5301535675179165,0.2695035265044427,-0.18933798555196646,0.2611055678063409,0.1734604347680674
2,3.970035878398414,-0.21815036633882615,0.16103556532837823,0.2528802541594502,-0.04206177251909707
3,3.878654967135363,0.04513350086792529,0.3478927338843163,-0.18140161535849397,-0.021040647634961166
4,3.0099117398871407,0.107456704186432,0.019235280431605852,0.1289870316878913,0.24128227900680532
5,3.575588552687986,0.20820065254860018,0.3475713876207533,0.2274349538516031,0.1369171357480066
6,3.773433918895962,0.5795546391956722,0.8300439320120657,0.4249468767055109,-0.10992204371395826
7,3.663129495972286,0.1231326788795955,0.022706813244279197,-0.07669057632573709,-0.0815026238945436
8,3.30062279684473,-0.18757839903080206,-0.49526457435638527,-0.11861774310021622,-0.02923308716516711
9,3.7156571752881726,0.5333636072086702,0.17895962885198544,0.4477506701449323,0.5332510253094395
10,4.102080866786173,0.5536292257559994,0.24941725820169078,-0.09312245011187788,0.3178945868329798
11,3.7124135996986674,0.4344821056797514,0.06613856247573753,-0.014815490542242479,-0.11667828063728329
12,4.354569304424527,-0.19809957740284978,-0.19457011670938584,-0.040783040738188885,0.17875780569383784
13,3.7749472280016105,0.04169087065736054,-0.015178663161947709,0.02924486846331542,-0.16287838885240447
14,3.8013259321068165,-0.006395748157373178,-0.014419253707383275,-0.025589540399503147,-0.060070603504364044
15,4.378502554156439,0.6028580656346575,0.06502585363850648,0.0011952798301623137,0.06519069614648369
16,3.565980855696139,0.20690773504303284,-0.12280776580427026,-0.3278821218225062,0.4809781940844382
17,3.6744456170438324,-0.056076880684629356,-0.3143926961460056,-0.006506583301086388,0.08085448534137485
18,3.3397208794668733,0.14791684552566456,-0.24445065655214657,-0.44422843982052235,0.17584412257589543
19,3.884292640834232,-0.03079510254995707,0.07146381212738097,-0.012829658957866294,-0.06212426634247992
