,Trial 1,Trial 2,Trial 3,Trial 4,Trial 5
0,3.6447887830831576,1.9773876483551016,0.10299210833281347,0.8217597790003636,0.7885752115940704
1,3.5308437563898063,1.0356085377060456,0.46907144943504503,0.013654361094287889,0.4220386294895123
2,3.97195340533642,0.040071910933483584,0.005700772495644616,0.5105772890530119,0.3174899075967503
3,3.882042033919069,0.28844719121241663,0.023859455143653445,0.666817872954102,0.6156000648140308
4,3.018110833132016,0.28712014253333357,0.13578164094274148,0.78222389200981,0.7895312064871481
5,3.581148979030348,0.31818735810292537,0.6458005387361244,0.03449832614209143,1.323469606515593
6,3.8408329734406044,0.6188308182993325,0.06627474151208111,0.006012700269046926,1.5115718370104934
7,3.762678941900428,0.6643111867260846,0.5505751487908751,0.5966166283198623,0.4624328499025829
8,3.3385834918253985,0.00701849338281544,0.007886275150949465,1.0043130325511462,0.021965306333188956
9,3.717517735465271,0.3084776878163615,0.3843234614245678,0.6094815584387522,0.37994250471642127
10,4.119746826582928,0.13718264782051615,0.7579819906061394,0.33095763914783904,0.23863523981529747
11,3.9381869973089665,0.4276932881390875,0.0006748040730362455,0.9844707525814617,0.6300321404972126
12,4.367727362167212,0.14922046053631796,0.5808010536916665,1.5383532227160932,0.07447230160560743
13,3.8529589528456083,0.023456221754171343,0.47505987301088975,0.03060836723848769,0.9810736852965718
14,3.834409021357616,0.911139261942674,0.01900225826947313,0.43536578547659954,1.1741549968894758
15,4.406210902384652,0.08250552734520074,1.2380706748502954,0.09516699087757285,0.6061878121031439
16,3.6475509717592938,0.40680852003296647,1.2427314178077278e-05,1.2849230610372184,0.662398638466691
17,3.793003956141643,0.07821914707048258,0.31034568743900504,0.03272951483976398,0.5744292633130206
18,3.343148795990467,0.22527622464992128,0.8187907417704047,0.3562319140081389,0.2521519520960575
19,3.9713619074385966,0.028566538868477133,0.502704440574319,1.2044659523016157,0.016867878187062514
20,,0.0065744962426517025,2.4853360983105737,0.035198693324017885,0.022289395336118182
21,,0.4080541125670184,0.024021695029423838,0.00716540622559988,0.467738031330118
22,,0.7362631637605579,0.0005100471791122413,0.3830419216571004,0.030601862752932616
23,,0.006009157886143689,0.1872510421048839,0.03431589181064114,0.02188787402700077
24,,0.4284976311944894,0.6831564506635225,0.8939586388942934,1.403425489133829
25,,0.012712056066626596,0.2079381945144244,0.37394518014615735,0.019046146128025566
26,,0.014298664400420746,1.1937547382699785,0.12629426625034385,0.6986489456031232
27,,0.2973896272945162,0.7522010446050137,0.8856328475460058,0.8774550299132362
28,,0.18736876090685844,0.14905559090985518,0.02192698005777451,0.6208754869335906
29,,0.6500243686728613,0.04764651193093199,0.027323179494463518,0.8332938232288456
30,,0.03858031647498349,2.272124278849373,1.8286660418111276,0.5601211496468457
31,,0.3860020929491157,0.07320870132992936,0.7689768820296354,0.4138659569115375
32,,1.5471797854333744,0.3631454326958208,0.7998397166116136,1.0638908065505033
33,,0.4945664406826288,0.06627474151208111,0.7223618087340762,0.10347693244254631
34,,0.32015943042703265,0.5630471843867837,0.020921170585341913,0.5193149266005136
35,,0.6311743448000705,0.006866247215397317,0.17475584553439563,0.03909859045042313
36,,0.8772839059321038,0.566715910225438,1.0908978797156212,0.026220204618110653
37,,0.18295264597954,0.11027989089663055,0.187752907591611,0.19752784623834144
38,,1.4752677829256216,0.009651316466209078,0.5826589955492882,0.47558377133201707
39,,0.7424519181030838,0.06627474151208111,0.8307291011622564,0.44250385277295284
40,,0.8648155784524795,0.2359676040268306,0.8989342465426653,0.42165308457842093
41,,0.4400682078443573,0.2876271653796893,0.03385677082544481,0.175881313028188
42,,0.02713724017791604,0.009827948049809725,0.006012700269046926,0.01114071116359213
43,,0.10927717055242543,0.013058113718614876,0.015577978011882739,0.017951653692390494
44,,0.6986022811400655,0.04747088262181702,0.009236101176069919,0.01178453451952605
45,,1.2745472531377942,0.021191533862933543,0.6206605055881722,0.465220798671241
46,,1.3569981409817156,0.3020489884703222,0.03453265118257526,1.5363192343822256
47,,0.19633583733668417,0.07760368428174028,0.027685796241728036,0.7111743504110494
48,,0.4061471552928958,0.3149311128568853,0.2687123847827704,0.14990332567192302
49,,1.1506922418147565,1.1198448905570382,0.01196191269101158,0.48965217801680877
50,,0.42789500257276897,1.6457964471538418,1.7414258188903944,1.3328831738299098
51,,0.5603334339933156,0.9467325132449145,2.3342614632962744,0.7682906349731694
52,,1.338752997535017,0.10105841817269165,1.2914121934476475,0.6337105357059836
53,,0.8823480002221561,0.009383537776431802,1.0251149522381013,0.7886727035013393
54,,1.6710041282215597,1.300030079933552,2.166607632999823,1.6375810485926314
55,,0.04793294439021236,0.7850827802030949,0.033304650176936006,0.3275813119949521
56,,0.39656441864518815,0.009651450135194294,1.2762817955902657,0.4646794953812835
57,,0.8200277055447429,0.06627474151208111,0.619305316779048,0.4078003357141788
58,,0.5529466666884008,0.5145042537245281,1.1987212422961098,0.2692990601048703
59,,0.7566913695913099,0.2141498523474706,0.040010289265205334,1.2845567920503345
60,,1.6055273275157684,,0.48967508903584056,0.4868895316329562
61,,1.1787484954486525,,0.3956546495304608,1.6510409217183581
62,,0.6789922875469775,,0.6015271093214482,0.34299940322971734
63,,0.555837827620953,,0.6603188661427841,0.3693811620154063
64,,0.6227624478466327,,0.9177422427436945,0.384479108451633
65,,0.023502703196552656,,0.3647033779924205,1.0904251233216102
66,,2.8128390168528847,,0.1798245678383365,1.408476087248591
67,,0.10758660014125201,,0.04490314436602228,1.0817629122896284
68,,0.22509672430248218,,0.4353041782937367,0.04262035679353481
69,,0.08250552734520074,,0.09516699087757285,0.05877123266013616
70,,0.34318621118707593,,0.16536729191640895,1.1736535292204957
71,,0.8314318735677023,,0.6080276079864251,0.5058307857646878
72,,1.3218975750462307,,0.8457846637817681,0.25630984393460865
73,,0.8702802237367226,,0.035879718594529604,0.6979584398787836
74,,0.5143942096355246,,0.1465991388758939,0.04405197096431366
75,,0.08691357385187126,,0.0842579796735783,0.07395820224589048
76,,0.22537787532653747,,1.143080927701641,0.06672945634430957
77,,0.7992258282825915,,0.031025161150139445,1.7839358584769271
78,,0.1578622958465169,,0.2777536932052856,0.08108786601097434
79,,0.9033515752298953,,0.03379634278716391,0.7285230795448066
80,,0.26043975186896373,,0.3492859010567346,1.013236036746985
81,,0.7153713735533929,,0.053195000818655754,0.02509123874363328
82,,0.14416260295600658,,0.028015891803508122,1.5910507503481923
83,,0.016221034324064614,,0.2562937385121865,0.3002680809278572
84,,0.00512566282200924,,0.006012700269046926,0.049783114575002965
85,,0.011215477755108498,,0.03910166343713649,0.018717588040634486
86,,0.5994345130465415,,0.009589285777394993,0.3642428254138577
87,,0.3842311389597259,,0.2489839357067843,0.23953210353652712
88,,0.01040901404137844,,0.028408512708609297,0.056421382935921624
89,,0.01496209915356923,,0.01871442166292638,0.022971678391469963
90,,0.030343288734056503,,0.06600579536338967,0.02288022530112541
91,,3.703338761347961,,0.08367019675213663,0.804607799105877
92,,0.338997101157543,,0.8428344343235176,0.031596981210919396
93,,0.12063593182615066,,0.05144760841288822,0.26374873182573755
94,,0.6400025950007001,,0.018775588309791914,0.3523712011830163
95,,0.4686030337804693,,0.19038646449346405,0.04241162402695581
96,,0.1596587339135282,,0.11815222783302601,1.0247197502206464
97,,0.6317682814685923,,0.09742301117664284,1.1953224985944488
98,,0.46562223511790574,,1.2557969179821122,0.24095753208565532
99,,0.3758505493916301,,0.1980255794008122,0.10552581204641955
100,,0.15513374334702523,,0.050093991722897975,0.5354461011409821
101,,0.2918567195559731,,0.9452324240829291,1.8763976601590864
102,,1.063292258161273,,0.03771493076874795,0.43311396292748544
103,,1.2851584931418798,,1.1299385031065743,0.1980634030029768
104,,0.017655010581818377,,0.05200446491838,0.016193266027273626
105,,0.49384638110570994,,0.9862988644548133,1.603364233963602
106,,1.0291364256557423,,0.75389023082578,0.25593415050096907
107,,0.18951764103205457,,0.2958993930256285,0.10867489067690726
108,,0.12054555138873913,,0.03910098938162245,0.5029714809714809
109,,0.5600850129978605,,1.140073507680892,0.150318368265924
110,,0.5958038670530975,,0.41915793373585486,1.2219768204709287
111,,1.4085518540259576,,1.588905081578884,0.19571375431642046
112,,0.4178614446495705,,0.38476777474784474,0.8034417597272491
113,,1.5197479107391452,,0.08200781232521757,0.028807509998667817
114,,0.3944038573995267,,0.045382090483685425,0.32567695633586935
115,,0.2571905742293633,,0.0483681808054491,0.06605544885121463
116,,0.0938781386150832,,0.03254191870798017,0.035034568210048536
117,,0.1327520357142574,,0.09516699087757285,0.041558626350118796
118,,0.22322101205993877,,0.08205038317240751,1.1372847358924698
119,,0.337749099589434,,0.03690597125190553,0.5823486009639953
